6 3
2 3
4 5
0 1
48
8
-12 2
40000000000000008000000000000000
1
20000000000000002000000000000000c000000000000000
1
-48 1
20000000000000002000000000000000c000000000000000
1
-8 1
6000000000000000a000000000000000c000000000000000
1
1 1
40000000000000008000000000000000
3
24 1
2000000000000000100000000000000090000000000000006000000000000000
1
16 1
100000000000000010000000000000001000000000000000e000000000000000
1
6 1
40000000000000008000000000000000
2
16 1
40000000000000008000000000000000
1
5
2000000000000000100000000000000090000000000000006000000000000000
4 3
0 1
2 3
0 2
6000000000000000a000000000000000c000000000000000
3 3
1 2
0 1
0 2
40000000000000008000000000000000
2 1
0 1
100000000000000010000000000000001000000000000000e000000000000000
4 3
0 2
0 3
0 1
20000000000000002000000000000000c000000000000000
3 2
0 1
0 2
