8 4
2 3
4 5
6 7
0 1
384
19
1 1
40000000000000008000000000000000
4
-24 2
40000000000000008000000000000000
2
20000000000000002000000000000000c000000000000000
1
48 1
20000000000000002000000000000000c000000000000000
2
96 2
40000000000000008000000000000000
1
2000000000000000100000000000000090000000000000006000000000000000
1
-32 2
40000000000000008000000000000000
1
6000000000000000a000000000000000c000000000000000
1
-384 1
0800000000000000080000000000000010000000000000002800000000000000d000000000000000
1
768 1
2000000000000000100000000000000090000000000000006000000000000000
1
12 1
40000000000000008000000000000000
3
384 1
100000000000000030000000000000005000000000000000e000000000000000
1
-192 1
100000000000000008000000000000001800000000000000a0000000000000006000000000000000
1
-96 1
0800000000000000080000000000000008000000000000000800000000000000f000000000000000
1
64 2
40000000000000008000000000000000
1
100000000000000010000000000000001000000000000000e000000000000000
1
-240 2
40000000000000008000000000000000
1
20000000000000002000000000000000c000000000000000
1
-1056 1
20000000000000002000000000000000c000000000000000
1
-384 1
6000000000000000a000000000000000c000000000000000
1
576 1
100000000000000010000000000000001000000000000000e000000000000000
1
48 1
6000000000000000900000000000000090000000000000006000000000000000
1
76 1
40000000000000008000000000000000
2
288 1
40000000000000008000000000000000
1
10
6000000000000000900000000000000090000000000000006000000000000000
4 4
0 3
2 3
1 2
0 1
0800000000000000080000000000000008000000000000000800000000000000f000000000000000
5 4
0 4
0 3
0 2
0 1
100000000000000008000000000000001800000000000000a0000000000000006000000000000000
5 4
0 1
1 2
3 4
0 3
20000000000000002000000000000000c000000000000000
3 2
0 1
0 2
6000000000000000a000000000000000c000000000000000
3 3
0 1
0 2
1 2
100000000000000010000000000000001000000000000000e000000000000000
4 3
0 1
0 2
0 3
2000000000000000100000000000000090000000000000006000000000000000
4 3
2 3
0 2
0 1
100000000000000030000000000000005000000000000000e000000000000000
4 4
0 3
0 1
2 3
0 2
0800000000000000080000000000000010000000000000002800000000000000d000000000000000
5 4
0 3
3 4
0 2
0 1
40000000000000008000000000000000
2 1
0 1
