10 5
6 7
8 9
2 3
4 5
0 1
3840
45
-40 2
40000000000000008000000000000000
3
20000000000000002000000000000000c000000000000000
1
1 1
40000000000000008000000000000000
5
240 2
40000000000000008000000000000000
2
2000000000000000100000000000000090000000000000006000000000000000
1
-960 2
20000000000000002000000000000000c000000000000000
1
2000000000000000100000000000000090000000000000006000000000000000
1
160 2
40000000000000008000000000000000
2
100000000000000010000000000000001000000000000000e000000000000000
1
320 2
20000000000000002000000000000000c000000000000000
1
6000000000000000a000000000000000c000000000000000
1
-640 2
20000000000000002000000000000000c000000000000000
1
100000000000000010000000000000001000000000000000e000000000000000
1
3840 1
0400000000000000040000000000000008000000000000000c000000000000003000000000000000d000000000000000
1
3840 1
040000000000000010000000000000000800000000000000440000000000000024000000000000009800000000000000
1
1920 2
40000000000000008000000000000000
1
100000000000000030000000000000005000000000000000e000000000000000
1
-3840 1
40000000000000008800000000000000180000000000000028000000000000007000000000000000
1
-7680 1
100000000000000008000000000000001800000000000000a8000000000000007000000000000000
1
3840 1
30000000000000003000000000000000d000000000000000e000000000000000
1
-5760 1
0800000000000000080000000000000018000000000000002800000000000000f000000000000000
1
20 1
40000000000000008000000000000000
4
-11520 1
100000000000000008000000000000001800000000000000a0000000000000006000000000000000
1
-720 2
40000000000000008000000000000000
2
20000000000000002000000000000000c000000000000000
1
-480 2
40000000000000008000000000000000
1
0800000000000000080000000000000008000000000000000800000000000000f000000000000000
1
768 1
04000000000000000400000000000000040000000000000004000000000000000400000000000000f800000000000000
1
1920 1
20000000000000002000000000000000c000000000000000
2
3200 2
40000000000000008000000000000000
1
100000000000000010000000000000001000000000000000e000000000000000
1
4320 2
40000000000000008000000000000000
1
2000000000000000100000000000000090000000000000006000000000000000
1
-2080 2
40000000000000008000000000000000
1
6000000000000000a000000000000000c000000000000000
1
-26880 1
0800000000000000080000000000000010000000000000002800000000000000d000000000000000
1
-1920 2
40000000000000008000000000000000
1
0800000000000000080000000000000010000000000000002800000000000000d000000000000000
1
32640 1
2000000000000000100000000000000090000000000000006000000000000000
1
-80 2
40000000000000008000000000000000
2
6000000000000000a000000000000000c000000000000000
1
220 1
40000000000000008000000000000000
3
-384 1
60000000000000009000000000000000880000000000000048000000000000003000000000000000
1
-3840 1
0800000000000000180000000000000018000000000000006000000000000000e000000000000000
1
36480 1
100000000000000030000000000000005000000000000000e000000000000000
1
-7680 1
0800000000000000080000000000000008000000000000000800000000000000f000000000000000
1
240 2
40000000000000008000000000000000
1
20000000000000002000000000000000c000000000000000
2
-6880 2
40000000000000008000000000000000
1
20000000000000002000000000000000c000000000000000
1
-38400 1
20000000000000002000000000000000c000000000000000
1
-960 2
40000000000000008000000000000000
1
100000000000000008000000000000001800000000000000a0000000000000006000000000000000
1
3840 1
04000000000000000400000000000000040000000000000008000000000000001400000000000000e800000000000000
1
1920 1
0800000000000000040000000000000018000000000000002400000000000000a0000000000000005000000000000000
1
-23040 1
6000000000000000a000000000000000c000000000000000
1
1920 1
080000000000000004000000000000000400000000000000080000000000000094000000000000006800000000000000
1
26880 1
100000000000000010000000000000001000000000000000e000000000000000
1
240 2
40000000000000008000000000000000
1
6000000000000000900000000000000090000000000000006000000000000000
1
3840 1
6000000000000000900000000000000090000000000000006000000000000000
1
1760 1
40000000000000008000000000000000
2
9216 1
40000000000000008000000000000000
1
22
080000000000000004000000000000000400000000000000080000000000000094000000000000006800000000000000
6 5
0 3
3 4
0 1
0 2
3 5
0800000000000000180000000000000018000000000000006000000000000000e000000000000000
5 5
0 2
2 3
0 1
3 4
0 4
60000000000000009000000000000000880000000000000048000000000000003000000000000000
5 5
3 4
0 4
0 1
1 2
2 3
0800000000000000080000000000000010000000000000002800000000000000d000000000000000
5 4
3 4
0 3
0 1
0 2
04000000000000000400000000000000040000000000000004000000000000000400000000000000f800000000000000
6 5
0 1
0 2
0 3
0 4
0 5
0800000000000000080000000000000008000000000000000800000000000000f000000000000000
5 4
0 4
0 3
0 2
0 1
100000000000000008000000000000001800000000000000a0000000000000006000000000000000
5 4
3 4
0 3
1 2
0 1
0800000000000000080000000000000018000000000000002800000000000000f000000000000000
5 5
0 2
0 4
0 1
3 4
0 3
2000000000000000100000000000000090000000000000006000000000000000
4 3
0 1
2 3
0 2
100000000000000030000000000000005000000000000000e000000000000000
4 4
0 1
0 3
2 3
0 2
0800000000000000040000000000000018000000000000002400000000000000a0000000000000005000000000000000
6 5
1 2
0 1
4 5
0 3
3 4
100000000000000008000000000000001800000000000000a8000000000000007000000000000000
5 5
0 2
2 3
0 1
3 4
0 3
0400000000000000040000000000000008000000000000000c000000000000003000000000000000d000000000000000
6 5
3 4
0 3
0 1
0 2
4 5
6000000000000000900000000000000090000000000000006000000000000000
4 4
0 3
2 3
1 2
0 1
40000000000000008000000000000000
2 1
0 1
040000000000000010000000000000000800000000000000440000000000000024000000000000009800000000000000
6 5
0 1
0 4
4 5
0 2
2 3
20000000000000002000000000000000c000000000000000
3 2
0 1
0 2
04000000000000000400000000000000040000000000000008000000000000001400000000000000e800000000000000
6 5
0 3
0 4
0 2
4 5
0 1
6000000000000000a000000000000000c000000000000000
3 3
0 2
0 1
1 2
30000000000000003000000000000000d000000000000000e000000000000000
4 5
0 3
0 1
1 3
2 3
0 2
40000000000000008800000000000000180000000000000028000000000000007000000000000000
5 5
3 4
0 3
0 4
1 2
0 1
100000000000000010000000000000001000000000000000e000000000000000
4 3
0 2
0 1
0 3
