12 6
4 5
6 7
10 11
8 9
2 3
0 1
46080
113
1 1
40000000000000008000000000000000
6
-60 2
40000000000000008000000000000000
4
20000000000000002000000000000000c000000000000000
1
720 2
40000000000000008000000000000000
2
20000000000000002000000000000000c000000000000000
2
-960 1
20000000000000002000000000000000c000000000000000
3
11520 2
40000000000000008000000000000000
1
0800000000000000040000000000000018000000000000002400000000000000a0000000000000005000000000000000
1
-23040 1
0400000000000000020000000000000018000000000000002400000000000000220000000000000090000000000000004800000000000000
1
3840 1
6000000000000000880000000000000084000000000000000c0000000000000050000000000000003000000000000000
1
-2304 2
40000000000000008000000000000000
1
60000000000000009000000000000000880000000000000048000000000000003000000000000000
1
720 2
40000000000000008000000000000000
2
6000000000000000900000000000000090000000000000006000000000000000
1
-160 2
40000000000000008000000000000000
3
6000000000000000a000000000000000c000000000000000
1
4608 2
40000000000000008000000000000000
1
04000000000000000400000000000000040000000000000004000000000000000400000000000000f800000000000000
1
11520 2
40000000000000008000000000000000
1
080000000000000004000000000000000400000000000000080000000000000094000000000000006800000000000000
1
1920 3
40000000000000008000000000000000
1
20000000000000002000000000000000c000000000000000
1
6000000000000000a000000000000000c000000000000000
1
-5760 3
40000000000000008000000000000000
1
20000000000000002000000000000000c000000000000000
1
2000000000000000100000000000000090000000000000006000000000000000
1
-3840 2
2000000000000000100000000000000090000000000000006000000000000000
1
6000000000000000a000000000000000c000000000000000
1
7680 2
2000000000000000100000000000000090000000000000006000000000000000
1
100000000000000010000000000000001000000000000000e000000000000000
1
5760 1
2000000000000000100000000000000090000000000000006000000000000000
2
-2560 2
6000000000000000a000000000000000c000000000000000
1
100000000000000010000000000000001000000000000000e000000000000000
1
3640320 1
100000000000000030000000000000005000000000000000e000000000000000
1
-5760 2
40000000000000008000000000000000
2
0800000000000000080000000000000010000000000000002800000000000000d000000000000000
1
23040 2
40000000000000008000000000000000
1
040000000000000010000000000000000800000000000000440000000000000024000000000000009800000000000000
1
-23040 2
40000000000000008000000000000000
1
0800000000000000180000000000000018000000000000006000000000000000e000000000000000
1
46080 1
080000000000000004000000000000000c000000000000000c00000000000000b0000000000000007000000000000000
1
-23040 1
0400000000000000020000000000000002000000000000000400000000000000060000000000000098000000000000006800000000000000
1
46080 1
10000000000000000c000000000000000c00000000000000840000000000000060000000000000007000000000000000
1
-15360 1
1000000000000000080000000000000004000000000000008200000000000000420000000000000022000000000000001c00000000000000
1
-15360 1
180000000000000018000000000000001800000000000000e000000000000000e000000000000000
1
-23040 2
20000000000000002000000000000000c000000000000000
1
100000000000000030000000000000005000000000000000e000000000000000
1
-92160 1
080000000000000002000000000000000200000000000000040000000000000084000000000000001a000000000000006400000000000000
1
92160 1
0800000000000000040000000000000018000000000000002400000000000000a4000000000000005800000000000000
1
2560 1
100000000000000010000000000000001000000000000000e000000000000000
2
46080 1
08000000000000000c0000000000000014000000000000002400000000000000c0000000000000007000000000000000
1
184320 1
0800000000000000200000000000000044000000000000000c0000000000000094000000000000003800000000000000
1
-92160 1
500000000000000088000000000000001800000000000000a8000000000000007000000000000000
1
23040 2
40000000000000008000000000000000
1
30000000000000003000000000000000d000000000000000e000000000000000
1
-184320 1
0800000000000000300000000000000058000000000000006800000000000000b000000000000000
1
-2880 2
20000000000000002000000000000000c000000000000000
1
6000000000000000900000000000000090000000000000006000000000000000
1
12960 2
40000000000000008000000000000000
1
20000000000000002000000000000000c000000000000000
2
30720 1
7000000000000000b000000000000000d000000000000000e000000000000000
1
-46080 1
020000000000000002000000000000000800000000000000060000000000000024000000000000001800000000000000d000000000000000
1
-1440 2
40000000000000008000000000000000
2
0800000000000000080000000000000008000000000000000800000000000000f000000000000000
1
5760 2
20000000000000002000000000000000c000000000000000
1
0800000000000000080000000000000008000000000000000800000000000000f000000000000000
1
-46080 1
020000000000000002000000000000000200000000000000040000000000000006000000000000001800000000000000e800000000000000
1
-69120 1
020000000000000002000000000000000800000000000000040000000000000022000000000000001200000000000000cc00000000000000
1
69120 1
040000000000000004000000000000000c000000000000000c000000000000003000000000000000f000000000000000
1
138240 1
0400000000000000200000000000000044000000000000000c000000000000001400000000000000b800000000000000
1
5760 2
40000000000000008000000000000000
2
100000000000000030000000000000005000000000000000e000000000000000
1
-46080 1
020000000000000002000000000000000200000000000000040000000000000004000000000000001a00000000000000e400000000000000
1
-26160 2
40000000000000008000000000000000
2
20000000000000002000000000000000c000000000000000
1
-34560 2
40000000000000008000000000000000
1
0800000000000000080000000000000018000000000000002800000000000000f000000000000000
1
-7680 1
020000000000000002000000000000000200000000000000020000000000000002000000000000000200000000000000fc00000000000000
1
-34560 1
4800000000000000880000000000000018000000000000002800000000000000f000000000000000
1
23040 2
20000000000000002000000000000000c000000000000000
1
0800000000000000080000000000000010000000000000002800000000000000d000000000000000
1
-3840 3
40000000000000008000000000000000
1
20000000000000002000000000000000c000000000000000
1
100000000000000010000000000000001000000000000000e000000000000000
1
46080 1
0800000000000000080000000000000014000000000000002400000000000000c4000000000000003800000000000000
1
-23040 2
40000000000000008000000000000000
1
40000000000000008800000000000000180000000000000028000000000000007000000000000000
1
61440 1
1000000000000000080000000000000004000000000000008c0000000000000054000000000000003800000000000000
1
-276480 1
0800000000000000180000000000000018000000000000006800000000000000f000000000000000
1
23040 2
40000000000000008000000000000000
1
04000000000000000400000000000000040000000000000008000000000000001400000000000000e800000000000000
1
-46080 1
020000000000000002000000000000000200000000000000020000000000000004000000000000000a00000000000000f400000000000000
1
184320 1
0800000000000000040000000000000018000000000000002400000000000000a0000000000000005000000000000000
1
-92160 1
0200000000000000040000000000000008000000000000000600000000000000220000000000000050000000000000009800000000000000
1
480 2
40000000000000008000000000000000
3
2000000000000000100000000000000090000000000000006000000000000000
1
414720 1
0400000000000000040000000000000008000000000000000c000000000000003000000000000000d000000000000000
1
66496 1
40000000000000008000000000000000
2
1728000 1
100000000000000010000000000000001000000000000000e000000000000000
1
-1680 2
40000000000000008000000000000000
3
20000000000000002000000000000000c000000000000000
1
30 1
40000000000000008000000000000000
5
640 1
6000000000000000a000000000000000c000000000000000
2
92160 1
0400000000000000040000000000000004000000000000000c000000000000001400000000000000f800000000000000
1
14400 2
40000000000000008000000000000000
2
2000000000000000100000000000000090000000000000006000000000000000
1
-1244160 1
100000000000000008000000000000001800000000000000a8000000000000007000000000000000
1
437760 1
040000000000000010000000000000000800000000000000440000000000000024000000000000009800000000000000
1
-69120 2
20000000000000002000000000000000c000000000000000
1
2000000000000000100000000000000090000000000000006000000000000000
1
-46080 2
40000000000000008000000000000000
1
100000000000000008000000000000001800000000000000a8000000000000007000000000000000
1
-294720 2
40000000000000008000000000000000
1
20000000000000002000000000000000c000000000000000
1
-529920 1
0800000000000000180000000000000018000000000000006000000000000000e000000000000000
1
115200 1
04000000000000000400000000000000040000000000000004000000000000000400000000000000f800000000000000
1
10560 2
40000000000000008000000000000000
2
100000000000000010000000000000001000000000000000e000000000000000
1
30720 2
20000000000000002000000000000000c000000000000000
1
6000000000000000a000000000000000c000000000000000
1
11520 2
20000000000000002000000000000000c000000000000000
1
100000000000000008000000000000001800000000000000a0000000000000006000000000000000
1
-49920 2
20000000000000002000000000000000c000000000000000
1
100000000000000010000000000000001000000000000000e000000000000000
1
230400 2
40000000000000008000000000000000
1
100000000000000030000000000000005000000000000000e000000000000000
1
-552960 1
40000000000000008800000000000000180000000000000028000000000000007000000000000000
1
183680 2
40000000000000008000000000000000
1
100000000000000010000000000000001000000000000000e000000000000000
1
-74880 2
40000000000000008000000000000000
1
100000000000000008000000000000001800000000000000a0000000000000006000000000000000
1
226560 2
40000000000000008000000000000000
1
2000000000000000100000000000000090000000000000006000000000000000
1
-760320 1
100000000000000008000000000000001800000000000000a0000000000000006000000000000000
1
23040 2
40000000000000008000000000000000
1
0400000000000000040000000000000008000000000000000c000000000000003000000000000000d000000000000000
1
24480 2
40000000000000008000000000000000
1
6000000000000000900000000000000090000000000000006000000000000000
1
-2880 2
40000000000000008000000000000000
2
100000000000000008000000000000001800000000000000a0000000000000006000000000000000
1
760320 1
30000000000000003000000000000000d000000000000000e000000000000000
1
-967680 1
0800000000000000080000000000000018000000000000002800000000000000f000000000000000
1
500 1
40000000000000008000000000000000
4
-48960 2
40000000000000008000000000000000
1
0800000000000000080000000000000008000000000000000800000000000000f000000000000000
1
86400 1
20000000000000002000000000000000c000000000000000
2
46080 1
040000000000000014000000000000000c0000000000000048000000000000003000000000000000e000000000000000
1
241920 1
080000000000000004000000000000000400000000000000080000000000000094000000000000006800000000000000
1
-46080 1
60000000000000009000000000000000880000000000000048000000000000003000000000000000
1
-172800 2
40000000000000008000000000000000
1
0800000000000000080000000000000010000000000000002800000000000000d000000000000000
1
-152320 2
40000000000000008000000000000000
1
6000000000000000a000000000000000c000000000000000
1
-1866240 1
6000000000000000a000000000000000c000000000000000
1
1946880 1
2000000000000000100000000000000090000000000000006000000000000000
1
-2050560 1
0800000000000000080000000000000010000000000000002800000000000000d000000000000000
1
320 2
40000000000000008000000000000000
3
100000000000000010000000000000001000000000000000e000000000000000
1
-6720 2
40000000000000008000000000000000
2
6000000000000000a000000000000000c000000000000000
1
506880 1
04000000000000000400000000000000040000000000000008000000000000001400000000000000e800000000000000
1
6360 1
40000000000000008000000000000000
3
322560 1
6000000000000000900000000000000090000000000000006000000000000000
1
-652800 1
0800000000000000080000000000000008000000000000000800000000000000f000000000000000
1
-2104320 1
20000000000000002000000000000000c000000000000000
1
276480 1
0400000000000000040000000000000008000000000000000c000000000000003400000000000000d800000000000000
1
460800 1
40000000000000008000000000000000
1
52
040000000000000014000000000000000c0000000000000048000000000000003000000000000000e000000000000000
6 6
0 1
0 5
3 4
2 3
0 2
4 5
100000000000000008000000000000001800000000000000a0000000000000006000000000000000
5 4
0 3
3 4
0 1
1 2
100000000000000008000000000000001800000000000000a8000000000000007000000000000000
5 5
0 3
3 4
0 1
2 3
0 2
0400000000000000040000000000000008000000000000000c000000000000003000000000000000d000000000000000
6 5
4 5
0 2
0 1
0 3
3 4
020000000000000002000000000000000200000000000000020000000000000004000000000000000a00000000000000f400000000000000
7 6
0 4
0 3
0 1
5 6
0 2
0 5
0800000000000000080000000000000018000000000000002800000000000000f000000000000000
5 5
3 4
0 3
0 1
0 2
0 4
0800000000000000080000000000000014000000000000002400000000000000c4000000000000003800000000000000
6 6
0 5
1 2
0 1
1 3
4 5
0 4
1000000000000000080000000000000004000000000000008c0000000000000054000000000000003800000000000000
6 6
0 4
2 3
0 2
4 5
2 4
0 1
0800000000000000180000000000000018000000000000006800000000000000f000000000000000
5 6
0 3
3 4
2 4
0 1
0 2
0 4
020000000000000002000000000000000200000000000000040000000000000004000000000000001a00000000000000e400000000000000
7 6
0 2
4 5
0 1
4 6
0 4
0 3
04000000000000000400000000000000040000000000000008000000000000001400000000000000e800000000000000
6 5
0 4
0 3
0 1
0 2
4 5
0400000000000000200000000000000044000000000000000c000000000000001400000000000000b800000000000000
6 6
0 4
0 2
2 3
4 5
0 1
0 5
040000000000000004000000000000000c000000000000000c000000000000003000000000000000f000000000000000
6 6
4 5
0 2
0 1
0 3
3 4
0 5
0800000000000000080000000000000008000000000000000800000000000000f000000000000000
5 4
0 2
0 1
0 3
0 4
7000000000000000b000000000000000d000000000000000e000000000000000
4 6
0 2
2 3
1 2
1 3
0 1
0 3
0800000000000000200000000000000044000000000000000c0000000000000094000000000000003800000000000000
6 6
0 3
3 4
0 1
4 5
1 2
0 4
0800000000000000300000000000000058000000000000006800000000000000b000000000000000
5 6
0 4
2 3
0 2
1 4
2 4
0 1
08000000000000000c0000000000000014000000000000002400000000000000c0000000000000007000000000000000
6 6
0 4
4 5
2 3
0 1
1 2
0 5
0400000000000000040000000000000008000000000000000c000000000000003400000000000000d800000000000000
6 6
3 4
0 3
4 5
0 2
0 4
0 1
6000000000000000a000000000000000c000000000000000
3 3
0 2
0 1
1 2
0800000000000000040000000000000018000000000000002400000000000000a0000000000000005000000000000000
6 5
0 3
3 4
4 5
0 1
1 2
080000000000000002000000000000000200000000000000040000000000000084000000000000001a000000000000006400000000000000
7 6
4 5
2 3
0 2
0 1
0 4
4 6
180000000000000018000000000000001800000000000000e000000000000000e000000000000000
5 6
0 1
2 4
1 2
2 3
0 4
0 3
1000000000000000080000000000000004000000000000008200000000000000420000000000000022000000000000001c00000000000000
7 6
0 1
0 3
3 4
5 6
1 2
0 5
6000000000000000900000000000000090000000000000006000000000000000
4 4
0 3
2 3
1 2
0 1
60000000000000009000000000000000880000000000000048000000000000003000000000000000
5 5
0 4
3 4
1 2
0 1
2 3
100000000000000030000000000000005000000000000000e000000000000000
4 4
0 2
2 3
0 3
0 1
0400000000000000040000000000000004000000000000000c000000000000001400000000000000f800000000000000
6 6
4 5
0 2
0 1
0 3
0 5
0 4
04000000000000000400000000000000040000000000000004000000000000000400000000000000f800000000000000
6 5
0 1
0 2
0 3
0 4
0 5
0800000000000000180000000000000018000000000000006000000000000000e000000000000000
5 5
0 4
3 4
2 3
0 2
0 1
0800000000000000040000000000000018000000000000002400000000000000a4000000000000005800000000000000
6 6
4 5
2 3
0 2
0 1
3 4
0 4
0800000000000000080000000000000010000000000000002800000000000000d000000000000000
5 4
0 1
0 2
3 4
0 3
100000000000000010000000000000001000000000000000e000000000000000
4 3
0 3
0 1
0 2
0200000000000000040000000000000008000000000000000600000000000000220000000000000050000000000000009800000000000000
7 6
0 1
4 5
0 2
2 3
5 6
0 4
40000000000000008800000000000000180000000000000028000000000000007000000000000000
5 5
0 4
1 2
0 1
0 3
3 4
10000000000000000c000000000000000c00000000000000840000000000000060000000000000007000000000000000
6 6
0 5
1 2
4 5
3 4
0 3
0 1
0400000000000000020000000000000018000000000000002400000000000000220000000000000090000000000000004800000000000000
7 6
0 1
0 4
2 3
5 6
4 5
1 2
080000000000000004000000000000000400000000000000080000000000000094000000000000006800000000000000
6 5
3 4
0 3
0 1
0 2
3 5
020000000000000002000000000000000800000000000000040000000000000022000000000000001200000000000000cc00000000000000
7 6
3 4
0 3
0 1
5 6
0 2
0 5
500000000000000088000000000000001800000000000000a8000000000000007000000000000000
5 6
0 3
3 4
0 1
2 4
1 2
0 4
20000000000000002000000000000000c000000000000000
3 2
0 2
0 1
0400000000000000020000000000000002000000000000000400000000000000060000000000000098000000000000006800000000000000
7 6
4 6
3 4
0 3
4 5
0 2
0 1
2000000000000000100000000000000090000000000000006000000000000000
4 3
0 2
2 3
0 1
020000000000000002000000000000000200000000000000020000000000000002000000000000000200000000000000fc00000000000000
7 6
0 3
0 2
0 4
0 5
0 1
0 6
6000000000000000880000000000000084000000000000000c0000000000000050000000000000003000000000000000
6 6
2 3
4 5
0 5
3 4
0 1
1 2
020000000000000002000000000000000200000000000000040000000000000006000000000000001800000000000000e800000000000000
7 6
0 1
0 3
4 5
0 2
5 6
0 4
040000000000000010000000000000000800000000000000440000000000000024000000000000009800000000000000
6 5
4 5
0 2
2 3
0 4
0 1
40000000000000008000000000000000
2 1
0 1
020000000000000002000000000000000800000000000000060000000000000024000000000000001800000000000000d000000000000000
7 6
4 5
0 2
5 6
0 1
3 4
0 3
4800000000000000880000000000000018000000000000002800000000000000f000000000000000
5 6
0 3
3 4
0 2
1 2
0 1
0 4
30000000000000003000000000000000d000000000000000e000000000000000
4 5
0 3
0 1
1 3
0 2
2 3
080000000000000004000000000000000c000000000000000c00000000000000b0000000000000007000000000000000
6 6
0 1
0 5
3 4
2 3
0 2
3 5
