14 7
6 7
10 11
12 13
2 3
8 9
4 5
0 1
645120
290
1 1
40000000000000008000000000000000
7
-84 2
40000000000000008000000000000000
5
20000000000000002000000000000000c000000000000000
1
840 2
40000000000000008000000000000000
4
2000000000000000100000000000000090000000000000006000000000000000
1
40320 2
40000000000000008000000000000000
1
2000000000000000100000000000000090000000000000006000000000000000
2
80640 3
40000000000000008000000000000000
1
20000000000000002000000000000000c000000000000000
1
100000000000000008000000000000001800000000000000a0000000000000006000000000000000
1
40320 2
40000000000000008000000000000000
2
0800000000000000040000000000000018000000000000002400000000000000a0000000000000005000000000000000
1
-6720 2
40000000000000008000000000000000
3
100000000000000008000000000000001800000000000000a0000000000000006000000000000000
1
-161280 2
20000000000000002000000000000000c000000000000000
1
0800000000000000040000000000000018000000000000002400000000000000a0000000000000005000000000000000
1
1680 2
40000000000000008000000000000000
3
6000000000000000900000000000000090000000000000006000000000000000
1
-20160 3
40000000000000008000000000000000
1
20000000000000002000000000000000c000000000000000
1
6000000000000000900000000000000090000000000000006000000000000000
1
-280 2
40000000000000008000000000000000
4
6000000000000000a000000000000000c000000000000000
1
-13440 2
20000000000000002000000000000000c000000000000000
2
6000000000000000a000000000000000c000000000000000
1
-26880 3
40000000000000008000000000000000
1
2000000000000000100000000000000090000000000000006000000000000000
1
6000000000000000a000000000000000c000000000000000
1
53760 2
100000000000000008000000000000001800000000000000a0000000000000006000000000000000
1
6000000000000000a000000000000000c000000000000000
1
-13440 2
6000000000000000900000000000000090000000000000006000000000000000
1
6000000000000000a000000000000000c000000000000000
1
560 2
40000000000000008000000000000000
4
100000000000000010000000000000001000000000000000e000000000000000
1
26880 2
20000000000000002000000000000000c000000000000000
2
100000000000000010000000000000001000000000000000e000000000000000
1
53760 3
40000000000000008000000000000000
1
2000000000000000100000000000000090000000000000006000000000000000
1
100000000000000010000000000000001000000000000000e000000000000000
1
26880 2
6000000000000000900000000000000090000000000000006000000000000000
1
100000000000000010000000000000001000000000000000e000000000000000
1
17920 2
40000000000000008000000000000000
1
100000000000000010000000000000001000000000000000e000000000000000
2
-13440 2
40000000000000008000000000000000
3
0800000000000000080000000000000010000000000000002800000000000000d000000000000000
1
-322560 2
20000000000000002000000000000000c000000000000000
1
0400000000000000040000000000000008000000000000000c000000000000003000000000000000d000000000000000
1
-161280 2
40000000000000008000000000000000
1
0400000000000000020000000000000002000000000000000400000000000000060000000000000098000000000000006800000000000000
1
80640 2
40000000000000008000000000000000
2
040000000000000010000000000000000800000000000000440000000000000024000000000000009800000000000000
1
-107520 2
100000000000000008000000000000001800000000000000a0000000000000006000000000000000
1
100000000000000010000000000000001000000000000000e000000000000000
1
1290240 1
01000000000000000200000000000000080000000000000005000000000000002100000000000000120000000000000044000000000000009800000000000000
1
645120 1
01000000000000000400000000000000020000000000000005000000000000000300000000000000500000000000000028000000000000009800000000000000
1
1290240 1
01000000000000000200000000000000020000000000000008000000000000001100000000000000030000000000000064000000000000008c00000000000000
1
322560 2
40000000000000008000000000000000
1
040000000000000014000000000000000c0000000000000048000000000000003000000000000000e000000000000000
1
-107520 2
40000000000000008000000000000000
1
1000000000000000080000000000000004000000000000008200000000000000420000000000000022000000000000001c00000000000000
1
645120 1
02000000000000000800000000000000040000000000000003000000000000004100000000000000210000000000000090000000000000001c00000000000000
1
-80640 2
40000000000000008000000000000000
2
0800000000000000180000000000000018000000000000006000000000000000e000000000000000
1
322560 2
20000000000000002000000000000000c000000000000000
1
0800000000000000180000000000000018000000000000006000000000000000e000000000000000
1
322560 2
40000000000000008000000000000000
1
080000000000000004000000000000000c000000000000000c00000000000000b0000000000000007000000000000000
1
322560 1
020000000000000002000000000000000100000000000000010000000000000006000000000000000900000000000000c8000000000000003400000000000000
1
-645120 1
0800000000000000060000000000000006000000000000000a00000000000000900000000000000060000000000000007000000000000000
1
-1290240 1
020000000000000008000000000000000600000000000000060000000000000044000000000000003800000000000000b000000000000000
1
-215040 2
100000000000000010000000000000001000000000000000e000000000000000
1
0800000000000000080000000000000010000000000000002800000000000000d000000000000000
1
-107520 2
40000000000000008000000000000000
1
180000000000000018000000000000001800000000000000e000000000000000e000000000000000
1
6720 3
40000000000000008000000000000000
2
20000000000000002000000000000000c000000000000000
1
6000000000000000a000000000000000c000000000000000
1
-161280 2
20000000000000002000000000000000c000000000000000
1
080000000000000004000000000000000400000000000000080000000000000094000000000000006800000000000000
1
-645120 2
40000000000000008000000000000000
1
080000000000000002000000000000000200000000000000040000000000000084000000000000001a000000000000006400000000000000
1
1290240 1
01000000000000000200000000000000020000000000000004000000000000000500000000000000180000000000000061000000000000008a00000000000000
1
-1290240 1
0400000000000000020000000000000018000000000000002400000000000000220000000000000092000000000000004c00000000000000
1
645120 1
480000000000000084000000000000000c000000000000000c00000000000000b0000000000000007000000000000000
1
645120 1
020000000000000002000000000000000800000000000000040000000000000021000000000000001100000000000000c1000000000000000e00000000000000
1
-645120 1
020000000000000002000000000000000c000000000000000c0000000000000030000000000000003200000000000000c400000000000000
1
-2580480 1
020000000000000008000000000000001200000000000000240000000000000044000000000000001a00000000000000a400000000000000
1
322560 1
01000000000000000200000000000000180000000000000024000000000000002200000000000000110000000000000048000000000000008400000000000000
1
26880 2
40000000000000008000000000000000
1
6000000000000000880000000000000084000000000000000c0000000000000050000000000000003000000000000000
1
13440 2
40000000000000008000000000000000
3
100000000000000030000000000000005000000000000000e000000000000000
1
-161280 3
40000000000000008000000000000000
1
20000000000000002000000000000000c000000000000000
1
100000000000000030000000000000005000000000000000e000000000000000
1
-322560 2
40000000000000008000000000000000
1
020000000000000002000000000000000800000000000000060000000000000024000000000000001800000000000000d000000000000000
1
322560 2
20000000000000002000000000000000c000000000000000
1
40000000000000008800000000000000180000000000000028000000000000007000000000000000
1
-645120 1
0800000000000000060000000000000012000000000000002200000000000000840000000000000048000000000000007000000000000000
1
1290240 2
40000000000000008000000000000000
1
0800000000000000200000000000000044000000000000000c0000000000000094000000000000003800000000000000
1
-2580480 1
0200000000000000080000000000000006000000000000000c0000000000000050000000000000003200000000000000a400000000000000
1
-15697920 2
40000000000000008000000000000000
1
0800000000000000080000000000000010000000000000002800000000000000d000000000000000
1
-1290240 1
1000000000000000080000000000000006000000000000008400000000000000420000000000000032000000000000002c00000000000000
1
41287680 1
0800000000000000200000000000000044000000000000000c0000000000000094000000000000003800000000000000
1
-645120 2
40000000000000008000000000000000
1
500000000000000088000000000000001800000000000000a8000000000000007000000000000000
1
430080 2
40000000000000008000000000000000
1
1000000000000000080000000000000004000000000000008c0000000000000054000000000000003800000000000000
1
645120 1
0100000000000000010000000000000001000000000000000400000000000000030000000000000012000000000000000c00000000000000e800000000000000
1
3773952 1
40000000000000008000000000000000
2
-2580480 1
100000000000000004000000000000000200000000000000880000000000000016000000000000004a000000000000002c00000000000000
1
322560 2
2000000000000000100000000000000090000000000000006000000000000000
1
100000000000000030000000000000005000000000000000e000000000000000
1
2876160 2
20000000000000002000000000000000c000000000000000
1
6000000000000000a000000000000000c000000000000000
1
2580480 1
1000000000000000280000000000000044000000000000008c0000000000000054000000000000003800000000000000
1
-3225600 1
0400000000000000020000000000000018000000000000002400000000000000220000000000000090000000000000004800000000000000
1
80640 2
40000000000000008000000000000000
2
30000000000000003000000000000000d000000000000000e000000000000000
1
-322560 2
20000000000000002000000000000000c000000000000000
1
30000000000000003000000000000000d000000000000000e000000000000000
1
-1290240 2
40000000000000008000000000000000
1
0800000000000000300000000000000058000000000000006800000000000000b000000000000000
1
645120 1
01000000000000000400000000000000020000000000000002000000000000000400000000000000490000000000000031000000000000008600000000000000
1
-282240 2
40000000000000008000000000000000
2
100000000000000008000000000000001800000000000000a0000000000000006000000000000000
1
2580480 1
4000000000000000840000000000000018000000000000002c0000000000000034000000000000005800000000000000
1
161280 3
40000000000000008000000000000000
1
20000000000000002000000000000000c000000000000000
1
0800000000000000080000000000000010000000000000002800000000000000d000000000000000
1
-3360 2
40000000000000008000000000000000
3
0800000000000000080000000000000008000000000000000800000000000000f000000000000000
1
4480 2
40000000000000008000000000000000
1
6000000000000000a000000000000000c000000000000000
2
-1935360 1
020000000000000002000000000000000400000000000000060000000000000006000000000000003800000000000000d800000000000000
1
-53760 2
100000000000000010000000000000001000000000000000e000000000000000
1
0800000000000000080000000000000008000000000000000800000000000000f000000000000000
1
-1935360 1
180000000000000018000000000000001800000000000000e800000000000000f000000000000000
1
80640 2
40000000000000008000000000000000
2
04000000000000000400000000000000040000000000000008000000000000001400000000000000e800000000000000
1
-483840 2
40000000000000008000000000000000
1
020000000000000002000000000000000800000000000000040000000000000022000000000000001200000000000000cc00000000000000
1
645120 1
010000000000000001000000000000000200000000000000090000000000000014000000000000000a000000000000002400000000000000d000000000000000
1
645120 1
01000000000000000800000000000000040000000000000002000000000000004100000000000000210000000000000011000000000000008e00000000000000
1
42 1
40000000000000008000000000000000
6
483840 2
40000000000000008000000000000000
1
040000000000000004000000000000000c000000000000000c000000000000003000000000000000f000000000000000
1
-1935360 1
020000000000000008000000000000000600000000000000060000000000000042000000000000003000000000000000b800000000000000
1
-17920 3
40000000000000008000000000000000
1
6000000000000000a000000000000000c000000000000000
1
100000000000000010000000000000001000000000000000e000000000000000
1
1935360 1
0100000000000000010000000000000004000000000000000200000000000000020000000000000021000000000000001900000000000000c600000000000000
1
645120 2
40000000000000008000000000000000
1
0800000000000000040000000000000018000000000000002400000000000000a4000000000000005800000000000000
1
-3870720 1
0200000000000000020000000000000004000000000000000a0000000000000014000000000000002a00000000000000d400000000000000
1
-120960 2
40000000000000008000000000000000
2
0800000000000000080000000000000018000000000000002800000000000000f000000000000000
1
967680 2
40000000000000008000000000000000
1
0400000000000000200000000000000044000000000000000c000000000000001400000000000000b800000000000000
1
-524160 3
40000000000000008000000000000000
1
20000000000000002000000000000000c000000000000000
1
2000000000000000100000000000000090000000000000006000000000000000
1
-1935360 1
0200000000000000040000000000000006000000000000000a0000000000000012000000000000006000000000000000b800000000000000
1
-2903040 1
040000000000000002000000000000000200000000000000040000000000000006000000000000009a000000000000006c00000000000000
1
3870720 1
08000000000000000c0000000000000014000000000000002400000000000000c4000000000000007800000000000000
1
-3870720 1
020000000000000002000000000000000800000000000000040000000000000026000000000000001a00000000000000cc00000000000000
1
483840 2
20000000000000002000000000000000c000000000000000
1
0800000000000000080000000000000018000000000000002800000000000000f000000000000000
1
-4032000 2
40000000000000008000000000000000
1
40000000000000008800000000000000180000000000000028000000000000007000000000000000
1
-1935360 2
40000000000000008000000000000000
1
0800000000000000180000000000000018000000000000006800000000000000f000000000000000
1
-2580480 1
0200000000000000080000000000000004000000000000000c00000000000000520000000000000032000000000000008c00000000000000
1
-645120 1
0200000000000000020000000000000002000000000000000c0000000000000014000000000000001a00000000000000e400000000000000
1
-3870720 1
020000000000000002000000000000001000000000000000220000000000000006000000000000000a00000000000000dc00000000000000
1
967680 1
0c000000000000000c0000000000000014000000000000002400000000000000c000000000000000f000000000000000
1
63866880 1
04000000000000000400000000000000040000000000000008000000000000001400000000000000e800000000000000
1
15482880 1
040000000000000010000000000000000c000000000000004c000000000000003400000000000000b800000000000000
1
322560 2
40000000000000008000000000000000
1
08000000000000000c0000000000000014000000000000002400000000000000c0000000000000007000000000000000
1
107520 1
6000000000000000a000000000000000c000000000000000
2
-5160960 1
0800000000000000380000000000000058000000000000006800000000000000f000000000000000
1
5806080 1
080000000000000004000000000000000c000000000000000c00000000000000b4000000000000007800000000000000
1
-14837760 1
0200000000000000040000000000000008000000000000000600000000000000220000000000000050000000000000009800000000000000
1
7741440 1
040000000000000014000000000000000c0000000000000048000000000000003400000000000000e800000000000000
1
5160960 1
100000000000000014000000000000000c00000000000000c80000000000000034000000000000006800000000000000
1
645120 1
0100000000000000010000000000000001000000000000000100000000000000010000000000000002000000000000000500000000000000fa00000000000000
1
16128 2
40000000000000008000000000000000
2
04000000000000000400000000000000040000000000000004000000000000000400000000000000f800000000000000
1
-322560 2
40000000000000008000000000000000
1
020000000000000002000000000000000200000000000000020000000000000004000000000000000a00000000000000f400000000000000
1
645120 1
0100000000000000010000000000000001000000000000000100000000000000020000000000000002000000000000000d00000000000000f200000000000000
1
645120 2
40000000000000008000000000000000
1
0400000000000000040000000000000004000000000000000c000000000000001400000000000000f800000000000000
1
1290240 1
01000000000000000200000000000000080000000000000004000000000000002200000000000000110000000000000049000000000000008600000000000000
1
1935360 1
0400000000000000240000000000000044000000000000000c000000000000001400000000000000f800000000000000
1
-161280 2
40000000000000008000000000000000
1
0400000000000000020000000000000018000000000000002400000000000000220000000000000090000000000000004800000000000000
1
-80640 2
40000000000000008000000000000000
2
40000000000000008800000000000000180000000000000028000000000000007000000000000000
1
-5160960 1
020000000000000002000000000000000200000000000000040000000000000006000000000000001a00000000000000ec00000000000000
1
-967680 1
020000000000000002000000000000000a00000000000000060000000000000024000000000000001800000000000000f000000000000000
1
-322560 2
40000000000000008000000000000000
1
020000000000000002000000000000000200000000000000040000000000000004000000000000001a00000000000000e400000000000000
1
48384000 1
040000000000000010000000000000000800000000000000440000000000000024000000000000009800000000000000
1
-161280 2
40000000000000008000000000000000
2
100000000000000008000000000000001800000000000000a8000000000000007000000000000000
1
-1612800 1
020000000000000002000000000000000200000000000000020000000000000006000000000000000a00000000000000fc00000000000000
1
-9031680 2
40000000000000008000000000000000
1
100000000000000008000000000000001800000000000000a8000000000000007000000000000000
1
92160 1
0100000000000000010000000000000001000000000000000100000000000000010000000000000001000000000000000100000000000000fe00000000000000
1
2580480 1
080000000000000004000000000000001c000000000000002c00000000000000b0000000000000007000000000000000
1
-3360 2
40000000000000008000000000000000
4
20000000000000002000000000000000c000000000000000
1
80640 2
40000000000000008000000000000000
2
0400000000000000040000000000000008000000000000000c000000000000003000000000000000d000000000000000
1
645120 2
20000000000000002000000000000000c000000000000000
1
100000000000000008000000000000001800000000000000a8000000000000007000000000000000
1
50400 2
40000000000000008000000000000000
2
20000000000000002000000000000000c000000000000000
2
-80640 1
20000000000000002000000000000000c000000000000000
3
29352960 1
080000000000000004000000000000000400000000000000080000000000000094000000000000006800000000000000
1
1370880 2
40000000000000008000000000000000
1
0800000000000000040000000000000018000000000000002400000000000000a0000000000000005000000000000000
1
-322560 2
40000000000000008000000000000000
1
020000000000000002000000000000000200000000000000040000000000000006000000000000001800000000000000e800000000000000
1
645120 1
6000000000000000880000000000000084000000000000000c0000000000000050000000000000003000000000000000
1
-2580480 1
60000000000000009800000000000000980000000000000068000000000000007000000000000000
1
40320 2
20000000000000002000000000000000c000000000000000
2
2000000000000000100000000000000090000000000000006000000000000000
1
-338688 2
40000000000000008000000000000000
1
60000000000000009000000000000000880000000000000048000000000000003000000000000000
1
90720 2
40000000000000008000000000000000
2
6000000000000000900000000000000090000000000000006000000000000000
1
-16800 2
40000000000000008000000000000000
3
6000000000000000a000000000000000c000000000000000
1
3870720 1
0400000000000000040000000000000018000000000000002c000000000000003400000000000000d800000000000000
1
-3870720 1
020000000000000002000000000000000800000000000000060000000000000024000000000000001a00000000000000d400000000000000
1
838656 2
40000000000000008000000000000000
1
04000000000000000400000000000000040000000000000004000000000000000400000000000000f800000000000000
1
1774080 2
40000000000000008000000000000000
1
080000000000000004000000000000000400000000000000080000000000000094000000000000006800000000000000
1
228480 3
40000000000000008000000000000000
1
20000000000000002000000000000000c000000000000000
1
6000000000000000a000000000000000c000000000000000
1
-537600 2
2000000000000000100000000000000090000000000000006000000000000000
1
6000000000000000a000000000000000c000000000000000
1
-322560 2
20000000000000002000000000000000c000000000000000
1
040000000000000010000000000000000800000000000000440000000000000024000000000000009800000000000000
1
913920 2
2000000000000000100000000000000090000000000000006000000000000000
1
100000000000000010000000000000001000000000000000e000000000000000
1
33177600 1
40000000000000008000000000000000
1
645120 1
2000000000000000100000000000000090000000000000006000000000000000
2
-376320 2
6000000000000000a000000000000000c000000000000000
1
100000000000000010000000000000001000000000000000e000000000000000
1
441262080 1
100000000000000030000000000000005000000000000000e000000000000000
1
-645120 2
40000000000000008000000000000000
2
0800000000000000080000000000000010000000000000002800000000000000d000000000000000
1
25159680 1
0400000000000000040000000000000004000000000000000c000000000000001400000000000000f800000000000000
1
980 1
40000000000000008000000000000000
5
1290240 1
0100000000000000010000000000000001000000000000000400000000000000020000000000000011000000000000000900000000000000e600000000000000
1
3225600 2
40000000000000008000000000000000
1
040000000000000010000000000000000800000000000000440000000000000024000000000000009800000000000000
1
-1290240 1
020000000000000002000000000000000200000000000000060000000000000006000000000000001800000000000000f800000000000000
1
-3870720 2
40000000000000008000000000000000
1
0800000000000000180000000000000018000000000000006000000000000000e000000000000000
1
9676800 1
080000000000000004000000000000000c000000000000000c00000000000000b0000000000000007000000000000000
1
-645120 2
40000000000000008000000000000000
1
0200000000000000040000000000000008000000000000000600000000000000220000000000000050000000000000009800000000000000
1
-3870720 1
0400000000000000020000000000000002000000000000000400000000000000060000000000000098000000000000006800000000000000
1
9031680 1
10000000000000000c000000000000000c00000000000000840000000000000060000000000000007000000000000000
1
-20160 3
40000000000000008000000000000000
2
20000000000000002000000000000000c000000000000000
1
2000000000000000100000000000000090000000000000006000000000000000
1
645120 1
480000000000000084000000000000001400000000000000280000000000000094000000000000006800000000000000
1
1290240 1
0100000000000000010000000000000001000000000000000400000000000000020000000000000012000000000000000d00000000000000e200000000000000
1
-322560 2
2000000000000000100000000000000090000000000000006000000000000000
1
0800000000000000080000000000000010000000000000002800000000000000d000000000000000
1
-2580480 1
1000000000000000080000000000000004000000000000008200000000000000420000000000000022000000000000001c00000000000000
1
-107520 2
6000000000000000a000000000000000c000000000000000
1
100000000000000030000000000000005000000000000000e000000000000000
1
-3870720 1
180000000000000018000000000000001800000000000000e000000000000000e000000000000000
1
-3709440 2
20000000000000002000000000000000c000000000000000
1
100000000000000030000000000000005000000000000000e000000000000000
1
-241920 2
40000000000000008000000000000000
1
4800000000000000880000000000000018000000000000002800000000000000f000000000000000
1
-16773120 1
080000000000000002000000000000000200000000000000040000000000000084000000000000001a000000000000006400000000000000
1
-6720 2
40000000000000008000000000000000
1
20000000000000002000000000000000c000000000000000
3
-67737600 1
0800000000000000080000000000000008000000000000000800000000000000f000000000000000
1
19998720 1
0800000000000000040000000000000018000000000000002400000000000000a4000000000000005800000000000000
1
322560 1
100000000000000010000000000000001000000000000000e000000000000000
2
-645120 1
400000000000000082000000000000000a000000000000000600000000000000240000000000000018000000000000007000000000000000
1
3870720 1
400000000000000084000000000000000c000000000000000c0000000000000034000000000000007800000000000000
1
9031680 1
08000000000000000c0000000000000014000000000000002400000000000000c0000000000000007000000000000000
1
-23869440 1
500000000000000088000000000000001800000000000000a8000000000000007000000000000000
1
5483520 2
40000000000000008000000000000000
1
30000000000000003000000000000000d000000000000000e000000000000000
1
322560 1
4800000000000000880000000000000014000000000000002400000000000000c4000000000000003800000000000000
1
1290240 1
6000000000000000880000000000000084000000000000000c0000000000000054000000000000003800000000000000
1
-7741440 1
020000000000000004000000000000001000000000000000220000000000000006000000000000004a000000000000009c00000000000000
1
-54190080 1
0800000000000000300000000000000058000000000000006800000000000000b000000000000000
1
-9676800 1
4800000000000000880000000000000018000000000000002800000000000000f000000000000000
1
-403200 2
20000000000000002000000000000000c000000000000000
1
6000000000000000900000000000000090000000000000006000000000000000
1
-4945920 2
40000000000000008000000000000000
1
0800000000000000080000000000000008000000000000000800000000000000f000000000000000
1
712320 2
40000000000000008000000000000000
1
20000000000000002000000000000000c000000000000000
2
11612160 1
7000000000000000b000000000000000d000000000000000e000000000000000
1
1290240 2
20000000000000002000000000000000c000000000000000
1
100000000000000008000000000000001800000000000000a0000000000000006000000000000000
1
-7096320 1
020000000000000002000000000000000800000000000000060000000000000024000000000000001800000000000000d000000000000000
1
107520 2
6000000000000000a000000000000000c000000000000000
1
0800000000000000080000000000000010000000000000002800000000000000d000000000000000
1
-1290240 1
0200000000000000080000000000000014000000000000002400000000000000420000000000000032000000000000008c00000000000000
1
-967680 1
0800000000000000040000000000000012000000000000002200000000000000820000000000000042000000000000003c00000000000000
1
1290240 1
10000000000000000c000000000000000c000000000000008c0000000000000070000000000000007000000000000000
1
-645120 1
0200000000000000020000000000000006000000000000000c0000000000000014000000000000003800000000000000e000000000000000
1
-181440 2
40000000000000008000000000000000
2
0800000000000000080000000000000008000000000000000800000000000000f000000000000000
1
-162570240 1
20000000000000002000000000000000c000000000000000
1
806400 2
20000000000000002000000000000000c000000000000000
1
0800000000000000080000000000000008000000000000000800000000000000f000000000000000
1
-8386560 1
020000000000000002000000000000000200000000000000040000000000000006000000000000001800000000000000e800000000000000
1
26880 2
6000000000000000a000000000000000c000000000000000
1
0800000000000000080000000000000008000000000000000800000000000000f000000000000000
1
322560 1
0200000000000000010000000000000001000000000000000100000000000000020000000000000002000000000000008d000000000000007200000000000000
1
-13547520 1
020000000000000002000000000000000800000000000000040000000000000022000000000000001200000000000000cc00000000000000
1
40320 2
2000000000000000100000000000000090000000000000006000000000000000
1
6000000000000000900000000000000090000000000000006000000000000000
1
-75156480 1
40000000000000008800000000000000180000000000000028000000000000007000000000000000
1
7741440 1
040000000000000004000000000000000c000000000000000c000000000000003400000000000000f800000000000000
1
-53760 2
40000000000000008000000000000000
1
020000000000000002000000000000000200000000000000020000000000000002000000000000000200000000000000fc00000000000000
1
15482880 1
040000000000000004000000000000000c000000000000000c000000000000003000000000000000f000000000000000
1
32901120 1
0400000000000000200000000000000044000000000000000c000000000000001400000000000000b800000000000000
1
846720 2
40000000000000008000000000000000
2
100000000000000030000000000000005000000000000000e000000000000000
1
-1290240 1
04000000000000000200000000000000140000000000000022000000000000000600000000000000a8000000000000005800000000000000
1
322560 2
40000000000000008000000000000000
1
0800000000000000080000000000000014000000000000002400000000000000c4000000000000003800000000000000
1
-9676800 1
020000000000000002000000000000000200000000000000040000000000000004000000000000001a00000000000000e400000000000000
1
-2580480 1
0200000000000000020000000000000004000000000000000c0000000000000016000000000000003800000000000000c800000000000000
1
-1303680 2
40000000000000008000000000000000
2
20000000000000002000000000000000c000000000000000
1
-7015680 2
40000000000000008000000000000000
1
0800000000000000080000000000000018000000000000002800000000000000f000000000000000
1
-1935360 1
020000000000000002000000000000000200000000000000020000000000000002000000000000000200000000000000fc00000000000000
1
-645120 1
02000000000000000a0000000000000006000000000000000c0000000000000050000000000000003000000000000000e000000000000000
1
645120 1
0100000000000000010000000000000001000000000000000100000000000000020000000000000003000000000000000c00000000000000f400000000000000
1
2903040 2
20000000000000002000000000000000c000000000000000
1
0800000000000000080000000000000010000000000000002800000000000000d000000000000000
1
-376320 3
40000000000000008000000000000000
1
20000000000000002000000000000000c000000000000000
1
100000000000000010000000000000001000000000000000e000000000000000
1
1290240 1
04000000000000000c000000000000000c000000000000000c000000000000007000000000000000f000000000000000
1
-7741440 1
2800000000000000180000000000000098000000000000006800000000000000f000000000000000
1
215040 2
100000000000000010000000000000001000000000000000e000000000000000
1
100000000000000030000000000000005000000000000000e000000000000000
1
9999360 1
0800000000000000080000000000000014000000000000002400000000000000c4000000000000003800000000000000
1
40320 2
40000000000000008000000000000000
2
080000000000000004000000000000000400000000000000080000000000000094000000000000006800000000000000
1
15482880 1
1000000000000000080000000000000004000000000000008c0000000000000054000000000000003800000000000000
1
-85155840 1
0800000000000000180000000000000018000000000000006800000000000000f000000000000000
1
3709440 2
40000000000000008000000000000000
1
04000000000000000400000000000000040000000000000008000000000000001400000000000000e800000000000000
1
1680 2
40000000000000008000000000000000
3
20000000000000002000000000000000c000000000000000
2
-10321920 1
020000000000000002000000000000000200000000000000020000000000000004000000000000000a00000000000000f400000000000000
1
17095680 1
0800000000000000040000000000000018000000000000002400000000000000a0000000000000005000000000000000
1
36960 2
40000000000000008000000000000000
3
2000000000000000100000000000000090000000000000006000000000000000
1
43223040 1
0400000000000000040000000000000008000000000000000c000000000000003000000000000000d000000000000000
1
215040 2
40000000000000008000000000000000
1
7000000000000000b000000000000000d000000000000000e000000000000000
1
149667840 1
100000000000000010000000000000001000000000000000e000000000000000
1
-75600 2
40000000000000008000000000000000
3
20000000000000002000000000000000c000000000000000
1
910560 2
40000000000000008000000000000000
2
2000000000000000100000000000000090000000000000006000000000000000
1
-189342720 1
100000000000000008000000000000001800000000000000a8000000000000007000000000000000
1
-68382720 1
0800000000000000180000000000000018000000000000006000000000000000e000000000000000
1
-4919040 2
20000000000000002000000000000000c000000000000000
1
2000000000000000100000000000000090000000000000006000000000000000
1
-18192384 2
40000000000000008000000000000000
1
20000000000000002000000000000000c000000000000000
1
16128000 1
04000000000000000400000000000000040000000000000004000000000000000400000000000000f800000000000000
1
728000 2
40000000000000008000000000000000
2
100000000000000010000000000000001000000000000000e000000000000000
1
1935360 2
40000000000000008000000000000000
1
0400000000000000040000000000000008000000000000000c000000000000003400000000000000d800000000000000
1
26880 2
40000000000000008000000000000000
3
100000000000000010000000000000001000000000000000e000000000000000
1
-3816960 2
20000000000000002000000000000000c000000000000000
1
100000000000000010000000000000001000000000000000e000000000000000
1
27229440 2
40000000000000008000000000000000
1
100000000000000030000000000000005000000000000000e000000000000000
1
13708800 2
40000000000000008000000000000000
1
100000000000000010000000000000001000000000000000e000000000000000
1
32256 2
20000000000000002000000000000000c000000000000000
1
60000000000000009000000000000000880000000000000048000000000000003000000000000000
1
-5913600 2
40000000000000008000000000000000
1
100000000000000008000000000000001800000000000000a0000000000000006000000000000000
1
15671040 2
40000000000000008000000000000000
1
2000000000000000100000000000000090000000000000006000000000000000
1
-63221760 1
100000000000000008000000000000001800000000000000a0000000000000006000000000000000
1
3064320 2
40000000000000008000000000000000
1
0400000000000000040000000000000008000000000000000c000000000000003000000000000000d000000000000000
1
2446080 2
40000000000000008000000000000000
1
6000000000000000900000000000000090000000000000006000000000000000
1
137410560 1
30000000000000003000000000000000d000000000000000e000000000000000
1
-151280640 1
0800000000000000080000000000000018000000000000002800000000000000f000000000000000
1
-161280 2
2000000000000000100000000000000090000000000000006000000000000000
1
100000000000000008000000000000001800000000000000a0000000000000006000000000000000
1
-13440 3
40000000000000008000000000000000
2
20000000000000002000000000000000c000000000000000
1
100000000000000010000000000000001000000000000000e000000000000000
1
17640 1
40000000000000008000000000000000
4
645120 1
0100000000000000010000000000000001000000000000000200000000000000020000000000000003000000000000001c00000000000000e400000000000000
1
-8064 2
40000000000000008000000000000000
2
60000000000000009000000000000000880000000000000048000000000000003000000000000000
1
-1935360 1
0200000000000000040000000000000004000000000000000a00000000000000120000000000000062000000000000009c00000000000000
1
322560 2
40000000000000008000000000000000
1
10000000000000000c000000000000000c00000000000000840000000000000060000000000000007000000000000000
1
4999680 1
20000000000000002000000000000000c000000000000000
2
8709120 1
040000000000000014000000000000000c0000000000000048000000000000003000000000000000e000000000000000
1
-14327040 2
40000000000000008000000000000000
1
6000000000000000a000000000000000c000000000000000
1
-64512 2
20000000000000002000000000000000c000000000000000
1
04000000000000000400000000000000040000000000000004000000000000000400000000000000f800000000000000
1
-80640 2
2000000000000000100000000000000090000000000000006000000000000000
1
0800000000000000080000000000000008000000000000000800000000000000f000000000000000
1
-5160960 1
60000000000000009000000000000000880000000000000048000000000000003000000000000000
1
-46080 1
6000000000000000840000000000000082000000000000000c00000000000000120000000000000050000000000000002800000000000000
1
-201277440 1
6000000000000000a000000000000000c000000000000000
1
158699520 1
2000000000000000100000000000000090000000000000006000000000000000
1
-194826240 1
0800000000000000080000000000000010000000000000002800000000000000d000000000000000
1
-322560 2
20000000000000002000000000000000c000000000000000
1
04000000000000000400000000000000040000000000000008000000000000001400000000000000e800000000000000
1
-585760 2
40000000000000008000000000000000
2
6000000000000000a000000000000000c000000000000000
1
278656 1
40000000000000008000000000000000
3
1935360 1
0100000000000000010000000000000002000000000000000400000000000000030000000000000011000000000000002800000000000000cc00000000000000
1
32901120 1
6000000000000000900000000000000090000000000000006000000000000000
1
40320 3
40000000000000008000000000000000
1
20000000000000002000000000000000c000000000000000
1
0800000000000000080000000000000008000000000000000800000000000000f000000000000000
1
71608320 1
0400000000000000040000000000000008000000000000000c000000000000003400000000000000d800000000000000
1
131
0200000000000000040000000000000004000000000000000a00000000000000120000000000000062000000000000009c00000000000000
7 7
0 1
0 6
2 3
0 2
5 6
0 5
2 4
0100000000000000010000000000000001000000000000000200000000000000020000000000000003000000000000001c00000000000000e400000000000000
8 7
5 7
0 1
5 6
4 5
0 2
0 4
0 3
0400000000000000040000000000000008000000000000000c000000000000003400000000000000d800000000000000
6 6
0 4
0 1
0 2
4 5
3 4
0 3
02000000000000000a0000000000000006000000000000000c0000000000000050000000000000003000000000000000e000000000000000
7 7
0 2
2 3
5 6
4 5
3 4
0 1
0 6
2800000000000000180000000000000098000000000000006800000000000000f000000000000000
5 7
0 4
0 3
0 2
2 4
3 4
1 3
0 1
04000000000000000c000000000000000c000000000000000c000000000000007000000000000000f000000000000000
6 7
0 5
0 4
2 3
0 2
3 5
3 4
0 1
0800000000000000080000000000000014000000000000002400000000000000c4000000000000003800000000000000
6 6
1 2
4 5
1 3
0 1
0 4
0 5
04000000000000000200000000000000140000000000000022000000000000000600000000000000a8000000000000005800000000000000
7 7
0 6
0 1
3 4
4 5
2 3
0 2
4 6
10000000000000000c000000000000000c000000000000008c0000000000000070000000000000007000000000000000
6 7
0 1
0 2
2 3
4 5
3 5
0 5
2 4
0800000000000000040000000000000012000000000000002200000000000000820000000000000042000000000000003c00000000000000
7 7
0 3
3 4
5 6
0 5
1 2
0 1
0 6
0200000000000000080000000000000014000000000000002400000000000000420000000000000032000000000000008c00000000000000
7 7
0 5
1 2
3 4
5 6
0 1
1 3
0 6
7000000000000000b000000000000000d000000000000000e000000000000000
4 6
0 2
2 3
1 2
1 3
0 1
0 3
400000000000000082000000000000000a000000000000000600000000000000240000000000000018000000000000007000000000000000
7 7
4 5
5 6
0 3
3 4
1 2
0 1
0 6
020000000000000002000000000000000200000000000000020000000000000002000000000000000200000000000000fc00000000000000
7 6
0 6
0 1
0 5
0 4
0 3
0 2
4800000000000000880000000000000018000000000000002800000000000000f000000000000000
5 6
0 4
3 4
0 3
0 1
1 2
0 2
480000000000000084000000000000001400000000000000280000000000000094000000000000006800000000000000
6 7
0 3
3 4
0 1
2 5
4 5
1 2
0 5
020000000000000002000000000000000200000000000000060000000000000006000000000000001800000000000000f800000000000000
7 7
5 6
0 2
4 5
0 3
0 1
0 6
0 4
60000000000000009000000000000000880000000000000048000000000000003000000000000000
5 5
0 1
2 3
1 2
3 4
0 4
080000000000000004000000000000001c000000000000002c00000000000000b0000000000000007000000000000000
6 7
0 5
0 1
3 5
1 2
0 3
3 4
1 5
020000000000000002000000000000000200000000000000020000000000000006000000000000000a00000000000000fc00000000000000
7 7
0 6
0 1
0 5
0 4
0 3
5 6
0 2
0200000000000000020000000000000006000000000000000c0000000000000014000000000000003800000000000000e000000000000000
7 7
0 6
0 1
1 2
2 4
0 5
5 6
2 3
0400000000000000200000000000000044000000000000000c000000000000001400000000000000b800000000000000
6 6
0 4
0 5
0 1
2 3
0 2
4 5
020000000000000002000000000000000200000000000000040000000000000004000000000000001a00000000000000e400000000000000
7 6
0 3
0 2
4 5
4 6
0 4
0 1
020000000000000002000000000000000200000000000000040000000000000006000000000000001a00000000000000ec00000000000000
7 7
4 5
0 2
0 1
0 3
0 4
0 5
5 6
01000000000000000200000000000000080000000000000004000000000000002200000000000000110000000000000049000000000000008600000000000000
8 7
0 4
6 7
4 6
0 1
4 5
0 2
2 3
020000000000000002000000000000000a00000000000000060000000000000024000000000000001800000000000000f000000000000000
7 7
4 5
0 2
5 6
0 6
0 1
0 3
3 4
0100000000000000010000000000000001000000000000000100000000000000010000000000000002000000000000000500000000000000fa00000000000000
8 7
0 5
0 4
6 7
0 2
0 6
0 1
0 3
60000000000000009800000000000000980000000000000068000000000000007000000000000000
5 7
0 4
1 4
2 3
3 4
0 3
1 2
0 1
180000000000000018000000000000001800000000000000e800000000000000f000000000000000
5 7
2 4
1 4
0 2
0 1
0 4
0 3
3 4
040000000000000014000000000000000c0000000000000048000000000000003400000000000000e800000000000000
6 7
3 5
4 5
0 2
2 3
0 1
0 5
0 4
020000000000000002000000000000000200000000000000040000000000000006000000000000001800000000000000e800000000000000
7 6
4 5
0 2
5 6
0 1
0 3
0 4
0800000000000000380000000000000058000000000000006800000000000000f000000000000000
5 7
3 4
0 3
2 4
0 1
0 4
2 3
0 2
400000000000000084000000000000000c000000000000000c0000000000000034000000000000007800000000000000
6 7
4 5
3 5
1 2
0 1
0 3
0 4
0 5
08000000000000000c0000000000000014000000000000002400000000000000c0000000000000007000000000000000
6 6
2 3
4 5
0 1
0 5
1 2
0 4
0200000000000000020000000000000002000000000000000c0000000000000014000000000000001a00000000000000e400000000000000
7 7
4 6
0 4
0 2
4 5
0 1
5 6
0 3
040000000000000010000000000000000c000000000000004c000000000000003400000000000000b800000000000000
6 7
3 4
0 3
0 5
0 1
2 5
0 2
3 5
0c000000000000000c0000000000000014000000000000002400000000000000c000000000000000f000000000000000
6 7
0 4
0 5
0 3
0 1
4 5
2 3
1 2
01000000000000000400000000000000020000000000000005000000000000000300000000000000500000000000000028000000000000009800000000000000
8 7
6 7
0 5
2 3
0 2
5 6
3 4
0 1
020000000000000002000000000000000800000000000000040000000000000026000000000000001a00000000000000cc00000000000000
7 7
0 3
0 5
0 1
5 6
3 5
0 2
3 4
020000000000000002000000000000000400000000000000060000000000000006000000000000003800000000000000d800000000000000
7 7
3 4
0 3
0 1
0 6
4 6
0 2
4 5
0800000000000000040000000000000018000000000000002400000000000000a4000000000000005800000000000000
6 6
4 5
2 3
0 2
0 1
3 4
0 4
040000000000000004000000000000000c000000000000000c000000000000003400000000000000f800000000000000
6 7
0 2
3 5
4 5
0 1
0 3
0 4
0 5
040000000000000004000000000000000c000000000000000c000000000000003000000000000000f000000000000000
6 6
0 1
0 3
3 4
0 5
4 5
0 2
020000000000000002000000000000001000000000000000220000000000000006000000000000000a00000000000000dc00000000000000
7 7
0 3
0 1
0 6
5 6
0 2
3 4
0 5
0100000000000000010000000000000001000000000000000100000000000000010000000000000001000000000000000100000000000000fe00000000000000
8 7
0 1
0 2
0 3
0 4
0 5
0 6
0 7
01000000000000000800000000000000040000000000000002000000000000004100000000000000210000000000000011000000000000008e00000000000000
8 7
4 5
0 2
2 3
0 6
0 4
6 7
0 1
0200000000000000010000000000000001000000000000000100000000000000020000000000000002000000000000008d000000000000007200000000000000
8 7
4 5
0 2
0 1
4 7
0 3
4 6
0 4
020000000000000002000000000000000800000000000000040000000000000022000000000000001200000000000000cc00000000000000
7 6
0 1
0 3
3 4
5 6
0 2
0 5
04000000000000000400000000000000040000000000000008000000000000001400000000000000e800000000000000
6 5
0 2
4 5
0 4
0 3
0 1
080000000000000004000000000000000c000000000000000c00000000000000b4000000000000007800000000000000
6 7
3 4
0 3
0 4
0 1
4 5
0 2
2 4
0200000000000000020000000000000004000000000000000a0000000000000014000000000000002a00000000000000d400000000000000
7 7
0 2
4 5
5 6
0 5
0 3
3 4
0 1
0100000000000000010000000000000001000000000000000100000000000000020000000000000003000000000000000c00000000000000f400000000000000
8 7
0 1
0 2
0 3
0 4
6 7
0 5
5 6
0800000000000000080000000000000008000000000000000800000000000000f000000000000000
5 4
0 3
0 4
0 2
0 1
4000000000000000840000000000000018000000000000002c0000000000000034000000000000005800000000000000
6 7
0 1
0 5
3 4
1 5
2 3
0 2
2 5
0100000000000000010000000000000001000000000000000400000000000000030000000000000012000000000000000c00000000000000e800000000000000
8 7
4 5
0 2
5 6
0 1
0 3
0 4
6 7
01000000000000000400000000000000020000000000000002000000000000000400000000000000490000000000000031000000000000008600000000000000
8 7
0 1
2 3
0 2
5 6
2 4
0 5
5 7
020000000000000004000000000000001000000000000000220000000000000006000000000000004a000000000000009c00000000000000
7 7
5 6
0 2
2 3
4 5
0 4
0 1
0 5
6000000000000000880000000000000084000000000000000c0000000000000054000000000000003800000000000000
6 7
1 2
4 5
2 3
3 5
0 1
0 4
0 5
4800000000000000880000000000000014000000000000002400000000000000c4000000000000003800000000000000
6 7
4 5
2 3
1 2
1 3
0 1
0 4
0 5
0800000000000000300000000000000058000000000000006800000000000000b000000000000000
5 6
1 4
2 3
0 2
2 4
0 4
0 1
30000000000000003000000000000000d000000000000000e000000000000000
4 5
0 3
0 1
1 3
0 2
2 3
0100000000000000010000000000000001000000000000000400000000000000020000000000000011000000000000000900000000000000e600000000000000
8 7
0 2
4 5
0 6
0 1
0 3
6 7
0 4
0200000000000000080000000000000004000000000000000c00000000000000520000000000000032000000000000008c00000000000000
7 7
0 1
4 5
2 3
0 2
5 6
2 4
0 5
0800000000000000180000000000000018000000000000006800000000000000f000000000000000
5 6
2 4
0 3
3 4
0 1
0 4
0 2
1000000000000000080000000000000004000000000000008c0000000000000054000000000000003800000000000000
6 6
0 1
2 4
0 2
2 3
4 5
0 4
1000000000000000080000000000000006000000000000008400000000000000420000000000000032000000000000002c00000000000000
7 7
0 4
0 3
1 2
0 1
5 6
4 5
3 4
6000000000000000880000000000000084000000000000000c0000000000000050000000000000003000000000000000
6 6
0 1
3 4
4 5
2 3
1 2
0 5
01000000000000000200000000000000180000000000000024000000000000002200000000000000110000000000000048000000000000008400000000000000
8 7
6 7
0 4
0 1
1 2
2 3
5 6
4 5
010000000000000001000000000000000200000000000000090000000000000014000000000000000a000000000000002400000000000000d000000000000000
8 7
0 1
6 7
0 3
3 4
0 2
4 5
5 6
0800000000000000200000000000000044000000000000000c0000000000000094000000000000003800000000000000
6 6
0 3
3 4
0 1
4 5
1 2
0 4
40000000000000008800000000000000180000000000000028000000000000007000000000000000
5 5
0 1
1 2
0 3
3 4
0 4
0100000000000000010000000000000001000000000000000400000000000000020000000000000012000000000000000d00000000000000e200000000000000
8 7
4 5
4 6
6 7
0 4
0 3
0 1
0 2
1000000000000000080000000000000004000000000000008200000000000000420000000000000022000000000000001c00000000000000
7 6
0 5
1 2
5 6
0 1
0 3
3 4
180000000000000018000000000000001800000000000000e000000000000000e000000000000000
5 6
2 3
0 1
2 4
1 2
0 3
0 4
0800000000000000060000000000000012000000000000002200000000000000840000000000000048000000000000007000000000000000
7 7
0 6
0 1
1 2
0 5
2 3
5 6
3 4
0100000000000000010000000000000001000000000000000100000000000000020000000000000002000000000000000d00000000000000f200000000000000
8 7
0 2
5 6
0 1
0 4
0 5
5 7
0 3
0800000000000000040000000000000018000000000000002400000000000000a0000000000000005000000000000000
6 5
1 2
4 5
0 1
3 4
0 3
0200000000000000040000000000000008000000000000000600000000000000220000000000000050000000000000009800000000000000
7 6
5 6
4 5
2 3
0 2
0 4
0 1
0200000000000000040000000000000006000000000000000a0000000000000012000000000000006000000000000000b800000000000000
7 7
5 6
2 3
0 2
3 4
0 6
0 1
0 5
100000000000000010000000000000001000000000000000e000000000000000
4 3
0 1
0 2
0 3
020000000000000002000000000000000c000000000000000c0000000000000030000000000000003200000000000000c400000000000000
7 7
4 6
0 4
1 2
0 3
2 3
4 5
0 1
0400000000000000040000000000000008000000000000000c000000000000003000000000000000d000000000000000
6 5
4 5
0 2
3 4
0 3
0 1
020000000000000002000000000000000800000000000000040000000000000021000000000000001100000000000000c1000000000000000e00000000000000
8 7
1 2
0 5
5 6
0 1
3 4
5 7
0 3
040000000000000010000000000000000800000000000000440000000000000024000000000000009800000000000000
6 5
4 5
0 2
2 3
0 4
0 1
100000000000000008000000000000001800000000000000a8000000000000007000000000000000
5 5
3 4
0 3
0 1
2 3
0 2
0400000000000000020000000000000018000000000000002400000000000000220000000000000092000000000000004c00000000000000
7 7
0 5
0 1
3 4
4 5
5 6
2 3
0 2
0400000000000000040000000000000018000000000000002c000000000000003400000000000000d800000000000000
6 7
0 5
0 3
3 4
0 1
0 2
3 5
4 5
480000000000000084000000000000000c000000000000000c00000000000000b0000000000000007000000000000000
6 7
0 5
1 2
0 4
0 1
3 4
3 5
2 3
020000000000000008000000000000000600000000000000060000000000000044000000000000003800000000000000b000000000000000
7 7
0 6
0 1
1 2
4 6
4 5
3 4
0 3
020000000000000008000000000000001200000000000000240000000000000044000000000000001a00000000000000a400000000000000
7 7
0 5
4 5
5 6
0 1
1 2
0 3
3 4
0800000000000000080000000000000018000000000000002800000000000000f000000000000000
5 5
0 1
0 3
3 4
0 4
0 2
0200000000000000020000000000000004000000000000000c0000000000000016000000000000003800000000000000c800000000000000
7 7
0 5
1 3
0 1
4 5
5 6
1 2
0 4
01000000000000000200000000000000020000000000000004000000000000000500000000000000180000000000000061000000000000008a00000000000000
8 7
0 5
5 6
2 3
0 2
0 1
5 7
3 4
080000000000000004000000000000000c000000000000000c00000000000000b0000000000000007000000000000000
6 6
3 4
0 2
2 3
3 5
0 1
0 5
100000000000000004000000000000000200000000000000880000000000000016000000000000004a000000000000002c00000000000000
7 7
3 4
0 3
5 6
3 5
0 5
1 2
0 1
6000000000000000840000000000000082000000000000000c00000000000000120000000000000050000000000000002800000000000000
7 7
1 2
2 3
3 4
5 6
4 5
0 6
0 1
6000000000000000a000000000000000c000000000000000
3 3
1 2
0 1
0 2
2000000000000000100000000000000090000000000000006000000000000000
4 3
0 2
2 3
0 1
0800000000000000080000000000000010000000000000002800000000000000d000000000000000
5 4
0 3
3 4
0 2
0 1
020000000000000002000000000000000100000000000000010000000000000006000000000000000900000000000000c8000000000000003400000000000000
8 7
0 3
3 4
5 7
0 1
5 6
4 5
0 2
08000000000000000c0000000000000014000000000000002400000000000000c4000000000000007800000000000000
6 7
0 2
4 5
1 2
0 1
0 4
0 3
3 4
100000000000000030000000000000005000000000000000e000000000000000
4 4
0 3
0 1
2 3
0 2
020000000000000002000000000000000800000000000000060000000000000024000000000000001a00000000000000d400000000000000
7 7
0 4
0 3
3 4
0 1
0 2
4 5
5 6
0400000000000000040000000000000004000000000000000c000000000000001400000000000000f800000000000000
6 6
0 4
0 5
0 3
0 1
0 2
4 5
04000000000000000400000000000000040000000000000004000000000000000400000000000000f800000000000000
6 5
0 2
0 1
0 4
0 5
0 3
0800000000000000180000000000000018000000000000006000000000000000e000000000000000
5 5
0 2
2 3
0 1
3 4
0 4
0100000000000000010000000000000004000000000000000200000000000000020000000000000021000000000000001900000000000000c600000000000000
8 7
0 1
0 3
5 7
3 4
0 5
5 6
0 2
1000000000000000280000000000000044000000000000008c0000000000000054000000000000003800000000000000
6 7
0 1
1 2
3 5
2 5
0 5
0 3
3 4
040000000000000014000000000000000c0000000000000048000000000000003000000000000000e000000000000000
6 6
0 1
0 5
3 4
0 2
2 3
4 5
40000000000000008000000000000000
2 1
0 1
080000000000000004000000000000000400000000000000080000000000000094000000000000006800000000000000
6 5
0 1
0 2
3 5
0 3
3 4
02000000000000000800000000000000040000000000000003000000000000004100000000000000210000000000000090000000000000001c00000000000000
8 7
3 4
0 3
6 7
0 1
5 6
0 5
1 2
0200000000000000080000000000000006000000000000000c0000000000000050000000000000003200000000000000a400000000000000
7 7
0 5
1 2
0 4
4 5
5 6
2 3
0 1
01000000000000000200000000000000020000000000000008000000000000001100000000000000030000000000000064000000000000008c00000000000000
8 7
0 2
2 3
4 5
5 6
5 7
0 4
0 1
020000000000000002000000000000000200000000000000020000000000000004000000000000000a00000000000000f400000000000000
7 6
5 6
0 5
0 4
0 3
0 1
0 2
100000000000000014000000000000000c00000000000000c80000000000000034000000000000006800000000000000
6 7
4 5
3 5
1 3
0 1
0 5
1 2
0 4
500000000000000088000000000000001800000000000000a8000000000000007000000000000000
5 6
0 3
3 4
0 1
2 4
1 2
0 4
20000000000000002000000000000000c000000000000000
3 2
0 1
0 2
10000000000000000c000000000000000c00000000000000840000000000000060000000000000007000000000000000
6 6
0 5
1 2
4 5
3 4
0 3
0 1
0400000000000000020000000000000002000000000000000400000000000000060000000000000098000000000000006800000000000000
7 6
4 6
3 4
0 3
0 1
0 2
4 5
0800000000000000060000000000000006000000000000000a00000000000000900000000000000060000000000000007000000000000000
7 7
0 6
0 4
1 2
0 1
4 5
5 6
2 3
01000000000000000200000000000000080000000000000005000000000000002100000000000000120000000000000044000000000000009800000000000000
8 7
0 2
2 3
4 5
5 6
0 1
0 4
6 7
100000000000000008000000000000001800000000000000a0000000000000006000000000000000
5 4
1 2
0 1
3 4
0 3
0400000000000000020000000000000018000000000000002400000000000000220000000000000090000000000000004800000000000000
7 6
1 2
4 5
5 6
2 3
0 4
0 1
0400000000000000240000000000000044000000000000000c000000000000001400000000000000f800000000000000
6 7
0 1
4 5
0 2
2 3
0 3
0 5
0 4
040000000000000002000000000000000200000000000000040000000000000006000000000000009a000000000000006c00000000000000
7 7
3 4
0 3
0 4
4 6
4 5
0 2
0 1
020000000000000002000000000000000800000000000000060000000000000024000000000000001800000000000000d000000000000000
7 6
0 1
0 2
4 5
5 6
3 4
0 3
0100000000000000010000000000000002000000000000000400000000000000030000000000000011000000000000002800000000000000cc00000000000000
8 7
0 1
3 4
5 6
0 2
6 7
0 5
0 3
6000000000000000900000000000000090000000000000006000000000000000
4 4
1 2
0 1
2 3
0 3
020000000000000008000000000000000600000000000000060000000000000042000000000000003000000000000000b800000000000000
7 7
0 4
0 6
0 2
2 3
5 6
4 5
0 1
080000000000000002000000000000000200000000000000040000000000000084000000000000001a000000000000006400000000000000
7 6
4 6
0 4
0 1
0 2
2 3
4 5
